local Library = loadstring(game:HttpGet("https://raw.githubusercontent.com/xHeptc/Kavo-UI-Library/main/source.lua"))()
local Window = Library.CreateLib("Kram life Taleport BY Project x hub", "DarkTheme")

local Tab = Window:NewTab("Taleport")
local Section = Tab:NewSection("kerry")
Section:NewButton("Taleport", "ButtonInfo", function()
    game.Players.localPlayer.Character.HumanoidRootPart.CFrame = CFrame.new (-17.1097336, 42.0181999, -210.133713, 0.203991294, -5.94625362e-08, 0.978972673, 6.38493844e-08, 1, 4.74352539e-08, -0.978972673, 5.28304227e-08, 0.203991294)
end)
local Section = Tab:NewSection("Animal Hunter")
Section:NewButton("Taleport", "ButtonInfo", function()
    game.Players.localPlayer.Character.HumanoidRootPart.CFrame = CFrame.new (-916.731506, 35.5928535, 625.346069, -0.120072037, 4.18972101e-09, -0.992765188, -1.16068994e-08, 1, 5.6240741e-09, 0.992765188, 1.21982193e-08, -0.120072037)
end)
local Section = Tab:NewSection("cafe")
Section:NewButton("Taleport", "ButtonInfo", function()
    game.Players.localPlayer.Character.HumanoidRootPart.CFrame = CFrame.new (-600.664185, 115.516457, 30.2758961, 0.0726496503, 4.53961633e-08, -0.997357547, -4.07329814e-08, 1, 4.25493631e-08, 0.997357547, 3.75341465e-08, 0.0726496503)
end)
local Section = Tab:NewSection("clinics")
Section:NewButton("Taleport", "ButtonInfo", function()
    game.Players.localPlayer.Character.HumanoidRootPart.CFrame = CFrame.new (16.5457039, 26.1295757, 615.36084, -0.981516302, -1.76247905e-08, 0.191378623, -7.22807592e-09, 1, 5.50234738e-08, -0.191378623, 5.26231361e-08, -0.981516302)
end)
local Section = Tab:NewSection("Hotel")
Section:NewButton("Taleport", "ButtonInfo", function()
    game.Players.localPlayer.Character.HumanoidRootPart.CFrame = CFrame.new (-45.0985336, 29.2248363, 179.440018, 0.337209851, -3.14741087e-08, 0.941429496, 4.43711112e-09, 1, 3.18429265e-08, -0.941429496, -6.56052102e-09, 0.337209851)
end)
local Section = Tab:NewSection("Metal Book shop")
Section:NewButton("Taleport", "ButtonInfo", function()
    game.Players.localPlayer.Character.HumanoidRootPart.CFrame = CFrame.new (-83.5617447, 25.4097023, 581.82074, 0.0518463887, 6.69749456e-09, -0.998655081, -2.86795458e-08, 1, 5.21758103e-09, 0.998655081, 2.83704615e-08, 0.0518463887)
end)
local Section = Tab:NewSection("Mine")
Section:NewButton("Taleport", "ButtonInfo", function()
    game.Players.localPlayer.Character.HumanoidRootPart.CFrame = CFrame.new (-376.482056, 27.3877773, 214.249939, 0.800624788, 6.84749324e-08, 0.599166036, -2.41565772e-08, 1, -8.2004938e-08, -0.599166036, 5.1181388e-08, 0.800624788)
end)
local Section = Tab:NewSection("Ptt")
Section:NewButton("Taleport", "ButtonInfo", function()
    game.Players.localPlayer.Character.HumanoidRootPart.CFrame = CFrame.new (70.8248291, 29.6235733, 219.079453, 0.9682585, -9.19189702e-08, -0.24995099, 7.95340327e-08, 1, -5.96495795e-08, 0.24995099, 3.78766032e-08, 0.9682585)
end)
local Section = Tab:NewSection("Rice")
Section:NewButton("Taleport", "ButtonInfo", function()
    game.Players.localPlayer.Character.HumanoidRootPart.CFrame = CFrame.new (-337.193451, 68.2686615, -676.516235, 0.927302361, -8.57545768e-09, 0.374313176, -2.87619688e-08, 1, 9.41631271e-08, -0.374313176, -9.80836745e-08, 0.927302361)
end)
local Section = Tab:NewSection("Techinc Shop")
Section:NewButton("Taleport", "ButtonInfo", function()
    game.Players.localPlayer.Character.HumanoidRootPart.CFrame = CFrame.new (-11.3105822, 26.1294441, 692.149719, 0.821799159, -4.52424764e-08, 0.56977731, -1.26666171e-08, 1, 9.7673059e-08, -0.56977731, -8.74847927e-08, 0.821799159)
end)
local Section = Tab:NewSection("wood cut")
Section:NewButton("Taleport", "ButtonInfo", function()
    game.Players.localPlayer.Character.HumanoidRootPart.CFrame = CFrame.new (-40.5229912, 32.309288, -704.934143, 0.614596546, 2.65387854e-08, 0.788841605, 4.02462987e-08, 1, -6.4999135e-08, -0.788841605, 7.16961992e-08, 0.614596546)
end)

